INCON
A___0           6.85793674E-02 1.00921106E-15 1.00921106E-15 1.80000000E-08
 3.9594977500000E+07 1.0998250000000E+02
A___1           6.00000000E-02 1.00000000E-15 1.00000000E-15 1.00000000E-15
 3.9594977500000E+07 1.0998250000000E+02
A___2           6.00000000E-02 1.00000000E-15 1.00000000E-15 1.00000000E-15
 3.9594977500000E+07 1.0998250000000E+02
A___3           6.00000000E-02 1.00000000E-15 1.00000000E-15 1.00000000E-15
 3.9594977500000E+07 1.0998250000000E+02
A___4           6.85793674E-02 1.00921106E-15 1.00921106E-15 1.80000000E-08
 3.9584932500000E+07 1.0994750000000E+02
A___5           6.00000000E-02 1.00000000E-15 1.00000000E-15 1.00000000E-15
 3.9584932500000E+07 1.0994750000000E+02
A___6           6.00000000E-02 1.00000000E-15 1.00000000E-15 1.00000000E-15
 3.9584932500000E+07 1.0994750000000E+02
A___7           6.00000000E-02 1.00000000E-15 1.00000000E-15 1.00000000E-15
 3.9584932500000E+07 1.0994750000000E+02
A___8           7.66661726E-03 0.00000000E+00 0.00000000E+00 1.80000000E-08
 3.9574887500000E+07 1.0991250000000E+02
A___9           6.00000000E-02 1.00000000E-15 1.00000000E-15 1.00000000E-15
 3.9574887500000E+07 1.0991250000000E+02
A__10           6.00000000E-02 1.00000000E-15 1.00000000E-15 1.00000000E-15
 3.9574887500000E+07 1.0991250000000E+02
A__11           6.00000000E-02 1.00000000E-15 1.00000000E-15 1.00000000E-15
 3.9574887500000E+07 1.0991250000000E+02
A__12           7.66661726E-03 0.00000000E+00 0.00000000E+00 1.80000000E-08
 3.9564842500000E+07 1.0987750000000E+02
A__13           6.00000000E-02 1.00000000E-15 1.00000000E-15 1.00000000E-15
 3.9564842500000E+07 1.0987750000000E+02
A__14           6.00000000E-02 1.00000000E-15 1.00000000E-15 1.00000000E-15
 3.9564842500000E+07 1.0987750000000E+02
A__15           6.00000000E-02 1.00000000E-15 1.00000000E-15 1.00000000E-15
 3.9564842500000E+07 1.0987750000000E+02
B___0           6.00000000E-02 1.00000000E-15 1.00000000E-15 1.00000000E-15
 3.9594977500000E+07 1.0998250000000E+02
B___1           6.00000000E-02 1.00000000E-15 1.00000000E-15 1.00000000E-15
 3.9594977500000E+07 1.0998250000000E+02
B___2           6.00000000E-02 1.00000000E-15 1.00000000E-15 1.00000000E-15
 3.9594977500000E+07 1.0998250000000E+02
B___3           6.00000000E-02 1.00000000E-15 1.00000000E-15 1.00000000E-15
 3.9594977500000E+07 1.0998250000000E+02
B___4           6.00000000E-02 1.00000000E-15 1.00000000E-15 1.00000000E-15
 3.9584932500000E+07 1.0994750000000E+02
B___5           6.00000000E-02 1.00000000E-15 1.00000000E-15 1.00000000E-15
 3.9584932500000E+07 1.0994750000000E+02
B___6           1.63041663-322 0.00000000E+00 0.00000000E+00 1.63041663-322
 3.9584932500000E+07 1.0994750000000E+02
B___7           6.00000000E-02 1.00000000E-15 1.00000000E-15 1.00000000E-15
 3.9584932500000E+07 1.0994750000000E+02
B___8           6.00000000E-02 1.00000000E-15 1.00000000E-15 1.00000000E-15
 3.9574887500000E+07 1.0991250000000E+02
B___9           6.00000000E-02 1.00000000E-15 1.00000000E-15 1.00000000E-15
 3.9574887500000E+07 1.0991250000000E+02
B__10           1.63041663-322 0.00000000E+00 0.00000000E+00 1.63041663-322
 3.9574887500000E+07 1.0991250000000E+02
B__11           6.00000000E-02 1.00000000E-15 1.00000000E-15 1.00000000E-15
 3.9574887500000E+07 1.0991250000000E+02
B__12           6.00000000E-02 1.00000000E-15 1.00000000E-15 1.00000000E-15
 3.9564842500000E+07 1.0987750000000E+02
B__13           6.00000000E-02 1.00000000E-15 1.00000000E-15 1.00000000E-15
 3.9564842500000E+07 1.0987750000000E+02
B__14           1.63041663-322 0.00000000E+00 0.00000000E+00 1.63041663-322
 3.9564842500000E+07 1.0987750000000E+02
B__15           6.00000000E-02 1.00000000E-15 1.00000000E-15 1.00000000E-15
 3.9564842500000E+07 1.0987750000000E+02
C___0           6.00000000E-02 1.00000000E-15 1.00000000E-15 1.00000000E-15
 3.9594977500000E+07 1.0998250000000E+02
C___1           6.00000000E-02 1.00000000E-15 1.00000000E-15 1.00000000E-15
 3.9594977500000E+07 1.0998250000000E+02
C___2           6.00000000E-02 1.00000000E-15 1.00000000E-15 1.00000000E-15
 3.9594977500000E+07 1.0998250000000E+02
C___3           6.00000000E-02 1.00000000E-15 1.00000000E-15 1.00000000E-15
 3.9594977500000E+07 1.0998250000000E+02
C___4           6.00000000E-02 1.00000000E-15 1.00000000E-15 1.00000000E-15
 3.9584932500000E+07 1.0994750000000E+02
C___5           6.00000000E-02 1.00000000E-15 1.00000000E-15 1.00000000E-15
 3.9584932500000E+07 1.0994750000000E+02
C___6           1.63041663-322 0.00000000E+00 0.00000000E+00 1.63041663-322
 3.9584932500000E+07 1.0994750000000E+02
C___7           6.00000000E-02 1.00000000E-15 1.00000000E-15 1.00000000E-15
 3.9584932500000E+07 1.0994750000000E+02
C___8           6.00000000E-02 1.00000000E-15 1.00000000E-15 1.00000000E-15
 3.9574887500000E+07 1.0991250000000E+02
C___9           6.00000000E-02 1.00000000E-15 1.00000000E-15 1.00000000E-15
 3.9574887500000E+07 1.0991250000000E+02
C__10           1.63041663-322 0.00000000E+00 0.00000000E+00 1.63041663-322
 3.9574887500000E+07 1.0991250000000E+02
C__11           6.00000000E-02 1.00000000E-15 1.00000000E-15 1.00000000E-15
 3.9574887500000E+07 1.0991250000000E+02
C__12           6.00000000E-02 1.00000000E-15 1.00000000E-15 1.00000000E-15
 3.9564842500000E+07 1.0987750000000E+02
C__13           6.00000000E-02 1.00000000E-15 1.00000000E-15 1.00000000E-15
 3.9564842500000E+07 1.0987750000000E+02
C__14           1.63041663-322 0.00000000E+00 0.00000000E+00 1.63041663-322
 3.9564842500000E+07 1.0987750000000E+02
C__15           6.00000000E-02 1.00000000E-15 1.00000000E-15 1.00000000E-15
 3.9564842500000E+07 1.0987750000000E+02
D___0           6.00000000E-02 1.00000000E-15 1.00000000E-15 1.00000000E-15
 3.9594977500000E+07 1.0998250000000E+02
D___1           6.00000000E-02 1.00000000E-15 1.00000000E-15 1.00000000E-15
 3.9594977500000E+07 1.0998250000000E+02
D___2           6.00000000E-02 1.00000000E-15 1.00000000E-15 1.00000000E-15
 3.9594977500000E+07 1.0998250000000E+02
D___3           6.00000000E-02 1.00000000E-15 1.00000000E-15 1.00000000E-15
 3.9594977500000E+07 1.0998250000000E+02
D___4           6.00000000E-02 1.00000000E-15 1.00000000E-15 1.00000000E-15
 3.9584932500000E+07 1.0994750000000E+02
D___5           6.00000000E-02 1.00000000E-15 1.00000000E-15 1.00000000E-15
 3.9584932500000E+07 1.0994750000000E+02
D___6           1.63041663-322 0.00000000E+00 0.00000000E+00 1.63041663-322
 3.9584932500000E+07 1.0994750000000E+02
D___7           6.00000000E-02 1.00000000E-15 1.00000000E-15 1.00000000E-15
 3.9584932500000E+07 1.0994750000000E+02
D___8           6.00000000E-02 1.00000000E-15 1.00000000E-15 1.00000000E-15
 3.9574887500000E+07 1.0991250000000E+02
D___9           6.00000000E-02 1.00000000E-15 1.00000000E-15 1.00000000E-15
 3.9574887500000E+07 1.0991250000000E+02
D__10           1.63041663-322 0.00000000E+00 0.00000000E+00 1.63041663-322
 3.9574887500000E+07 1.0991250000000E+02
D__11           6.00000000E-02 1.00000000E-15 1.00000000E-15 1.00000000E-15
 3.9574887500000E+07 1.0991250000000E+02
D__12           6.00000000E-02 1.00000000E-15 1.00000000E-15 1.00000000E-15
 3.9564842500000E+07 1.0987750000000E+02
D__13           6.00000000E-02 1.00000000E-15 1.00000000E-15 1.00000000E-15
 3.9564842500000E+07 1.0987750000000E+02
D__14           1.63041663-322 0.00000000E+00 0.00000000E+00 1.63041663-322
 3.9564842500000E+07 1.0987750000000E+02
D__15           6.00000000E-02 1.00000000E-15 1.00000000E-15 1.00000000E-15
 3.9564842500000E+07 1.0987750000000E+02


