INCON
A___0           2.00000000E-01 1.10000000E-17 1.10000000E-17 1.10000000E-17
 3.9554797500000E+07 1.0984250000000E+02
A___1           2.00000000E-01 1.10000000E-17 1.10000000E-17 1.10000000E-17
 3.9554797500000E+07 1.0984250000000E+02
A___2           2.00000000E-01 1.10000000E-17 1.10000000E-17 1.10000000E-17
 3.9554797500000E+07 1.0984250000000E+02
A___3           2.00000000E-01 1.10000000E-17 1.10000000E-17 1.10000000E-17
 3.9554797500000E+07 1.0984250000000E+02
A___4           2.00000000E-01 1.10000000E-17 1.10000000E-17 1.10000000E-17
 3.9554797500000E+07 1.0984250000000E+02
A___5           2.00000000E-01 1.10000000E-17 1.10000000E-17 1.10000000E-17
 3.9554797500000E+07 1.0984250000000E+02
A___6           2.00000000E-01 1.10000000E-17 1.10000000E-17 1.10000000E-17
 3.9554797500000E+07 1.0984250000000E+02
A___7           2.00000000E-01 1.10000000E-17 1.10000000E-17 1.10000000E-17
 3.9554797500000E+07 1.0984250000000E+02
A___8           2.00000000E-01 1.10000000E-17 1.10000000E-17 1.10000000E-17
 3.9554797500000E+07 1.0984250000000E+02
A___9           2.00073016E-01 1.10010041E-13 1.10010041E-13 1.80000000E-08
 3.9504572500000E+07 1.0966750000000E+02
A__10           2.00000000E-01 1.10000000E-13 1.10000000E-13 1.10000000E-15
 3.9504572500000E+07 1.0966750000000E+02
A__11           2.00000000E-01 1.10000000E-13 1.10000000E-13 1.10000000E-15
 3.9504572500000E+07 1.0966750000000E+02
A__12           2.00000000E-01 1.10000000E-13 1.10000000E-13 1.10000000E-15
 3.9504572500000E+07 1.0966750000000E+02
A__13           2.00000000E-01 1.10000000E-13 1.10000000E-13 1.10000000E-15
 3.9504572500000E+07 1.0966750000000E+02
A__14           2.00000000E-01 1.10000000E-13 1.10000000E-13 1.10000000E-15
 3.9504572500000E+07 1.0966750000000E+02
A__15           2.00000000E-01 1.10000000E-13 1.10000000E-13 1.10000000E-15
 3.9504572500000E+07 1.0966750000000E+02
A__16           2.00000000E-01 1.10000000E-13 1.10000000E-13 1.10000000E-15
 3.9504572500000E+07 1.0966750000000E+02
A__17           2.00000000E-01 1.10000000E-13 1.10000000E-13 1.10000000E-15
 3.9504572500000E+07 1.0966750000000E+02
A__18           1.30079405E-01 1.10010040E-12 1.10010040E-12 1.80000000E-08
 3.9348875000000E+07 1.0912500000000E+02
A__19           1.30000000E-01 1.10000000E-12 1.10000000E-12 1.10000000E-12
 3.9348875000000E+07 1.0912500000000E+02
A__20           1.30000000E-01 1.10000000E-12 1.10000000E-12 1.10000000E-12
 3.9348875000000E+07 1.0912500000000E+02
A__21           1.30000000E-01 1.10000000E-12 1.10000000E-12 1.10000000E-12
 3.9348875000000E+07 1.0912500000000E+02
A__22           1.30000000E-01 1.10000000E-12 1.10000000E-12 1.10000000E-12
 3.9348875000000E+07 1.0912500000000E+02
A__23           1.30000000E-01 1.10000000E-12 1.10000000E-12 1.10000000E-12
 3.9348875000000E+07 1.0912500000000E+02
A__24           1.30000000E-01 1.10000000E-12 1.10000000E-12 1.10000000E-12
 3.9348875000000E+07 1.0912500000000E+02
A__25           1.30000000E-01 1.10000000E-12 1.10000000E-12 1.10000000E-12
 3.9348875000000E+07 1.0912500000000E+02
A__26           1.30000000E-01 1.10000000E-12 1.10000000E-12 1.10000000E-12
 3.9348875000000E+07 1.0912500000000E+02
A__27           7.66661726E-05 0.00000000E+00 0.00000000E+00 1.80000000E-08
 3.9147975000000E+07 1.0842500000000E+02
A__28           1.20000000E-01 1.10000000E-12 1.10000000E-12 1.10000000E-12
 3.9147975000000E+07 1.0842500000000E+02
A__29           1.20000000E-01 1.10000000E-12 1.10000000E-12 1.10000000E-12
 3.9147975000000E+07 1.0842500000000E+02
A__30           1.20000000E-01 1.10000000E-12 1.10000000E-12 1.10000000E-12
 3.9147975000000E+07 1.0842500000000E+02
A__31           1.20000000E-01 1.10000000E-12 1.10000000E-12 1.10000000E-12
 3.9147975000000E+07 1.0842500000000E+02
A__32           1.20000000E-01 1.10000000E-12 1.10000000E-12 1.10000000E-12
 3.9147975000000E+07 1.0842500000000E+02
A__33           1.20000000E-01 1.10000000E-12 1.10000000E-12 1.10000000E-12
 3.9147975000000E+07 1.0842500000000E+02
A__34           1.20000000E-01 1.10000000E-12 1.10000000E-12 1.10000000E-12
 3.9147975000000E+07 1.0842500000000E+02
