INCON
A___0           2.00000000E-01 1.10000000E-17 1.10000000E-17 1.10000000E-17
 3.9554797500000E+07 2.9842500000000E+01
A___1           2.00000000E-01 1.10000000E-17 1.10000000E-17 1.10000000E-17
 3.9554797500000E+07 2.9842500000000E+01
A___2           2.00000000E-01 1.10000000E-17 1.10000000E-17 1.10000000E-17
 3.9554797500000E+07 2.9842500000000E+01
A___3           2.00000000E-01 1.10000000E-17 1.10000000E-17 1.10000000E-17
 3.9554797500000E+07 2.9842500000000E+01
A___4           2.00000000E-01 1.10000000E-17 1.10000000E-17 1.10000000E-17
 3.9554797500000E+07 2.9842500000000E+01
A___5           2.00000000E-01 1.10000000E-17 1.10000000E-17 1.10000000E-17
 3.9554797500000E+07 2.9842500000000E+01
A___6           2.00000000E-01 1.10000000E-17 1.10000000E-17 1.10000000E-17
 3.9554797500000E+07 2.9842500000000E+01
A___7           2.00000000E-01 1.10000000E-17 1.10000000E-17 1.10000000E-17
 3.9554797500000E+07 2.9842500000000E+01
A___8           2.00000000E-01 1.10000000E-17 1.10000000E-17 1.10000000E-17
 3.9554797500000E+07 2.9842500000000E+01
A___9           2.00073016E-01 1.10010041E-13 1.10010041E-13 1.80000000E-08
 3.9504572500000E+07 2.9667500000000E+01
A__10           2.00000000E-01 1.10000000E-13 1.10000000E-13 1.10000000E-15
 3.9504572500000E+07 2.9667500000000E+01
A__11           2.00000000E-01 1.10000000E-13 1.10000000E-13 1.10000000E-15
 3.9504572500000E+07 2.9667500000000E+01
A__12           2.00000000E-01 1.10000000E-13 1.10000000E-13 1.10000000E-15
 3.9504572500000E+07 2.9667500000000E+01
A__13           2.00000000E-01 1.10000000E-13 1.10000000E-13 1.10000000E-15
 3.9504572500000E+07 2.9667500000000E+01
A__14           2.00000000E-01 1.10000000E-13 1.10000000E-13 1.10000000E-15
 3.9504572500000E+07 2.9667500000000E+01
A__15           2.00000000E-01 1.10000000E-13 1.10000000E-13 1.10000000E-15
 3.9504572500000E+07 2.9667500000000E+01
A__16           2.00000000E-01 1.10000000E-13 1.10000000E-13 1.10000000E-15
 3.9504572500000E+07 2.9667500000000E+01
A__17           2.00000000E-01 1.10000000E-13 1.10000000E-13 1.10000000E-15
 3.9504572500000E+07 2.9667500000000E+01
A__18           1.30079405E-01 1.10010040E-12 1.10010040E-12 1.80000000E-08
 3.9348875000000E+07 2.9125000000000E+01
A__19           1.30000000E-01 1.10000000E-12 1.10000000E-12 1.10000000E-12
 3.9348875000000E+07 2.9125000000000E+01
A__20           1.30000000E-01 1.10000000E-12 1.10000000E-12 1.10000000E-12
 3.9348875000000E+07 2.9125000000000E+01
A__21           1.30000000E-01 1.10000000E-12 1.10000000E-12 1.10000000E-12
 3.9348875000000E+07 2.9125000000000E+01
A__22           1.30000000E-01 1.10000000E-12 1.10000000E-12 1.10000000E-12
 3.9348875000000E+07 2.9125000000000E+01
A__23           1.30000000E-01 1.10000000E-12 1.10000000E-12 1.10000000E-12
 3.9348875000000E+07 2.9125000000000E+01
A__24           1.30000000E-01 1.10000000E-12 1.10000000E-12 1.10000000E-12
 3.9348875000000E+07 2.9125000000000E+01
A__25           1.30000000E-01 1.10000000E-12 1.10000000E-12 1.10000000E-12
 3.9348875000000E+07 2.9125000000000E+01
A__26           1.30000000E-01 1.10000000E-12 1.10000000E-12 1.10000000E-12
 3.9348875000000E+07 2.9125000000000E+01
A__27           7.66661726E-05 0.00000000E+00 0.00000000E+00 1.80000000E-08
 3.9147975000000E+07 2.8425000000000E+01
A__28           1.20000000E-01 1.10000000E-12 1.10000000E-12 1.10000000E-12
 3.9147975000000E+07 2.8425000000000E+01
A__29           1.20000000E-01 1.10000000E-12 1.10000000E-12 1.10000000E-12
 3.9147975000000E+07 2.8425000000000E+01
A__30           1.20000000E-01 1.10000000E-12 1.10000000E-12 1.10000000E-12
 3.9147975000000E+07 2.8425000000000E+01
A__31           1.20000000E-01 1.10000000E-12 1.10000000E-12 1.10000000E-12
 3.9147975000000E+07 2.8425000000000E+01
A__32           1.20000000E-01 1.10000000E-12 1.10000000E-12 1.10000000E-12
 3.9147975000000E+07 2.8425000000000E+01
A__33           1.20000000E-01 1.10000000E-12 1.10000000E-12 1.10000000E-12
 3.9147975000000E+07 2.8425000000000E+01
A__34           1.20000000E-01 1.10000000E-12 1.10000000E-12 1.10000000E-12
 3.9147975000000E+07 2.8425000000000E+01
A__35           1.20000000E-01 1.10000000E-12 1.10000000E-12 1.10000000E-12
 3.9147975000000E+07 2.8425000000000E+01
A__36           7.66661726E-05 0.00000000E+00 0.00000000E+00 1.80000000E-08
 3.9072637500000E+07 2.8162500000000E+01
A__37           1.10000000E-01 1.10000000E-17 1.10000000E-17 1.10000000E-17
 3.9072637500000E+07 2.8162500000000E+01
A__38           1.10000000E-01 1.10000000E-17 1.10000000E-17 1.10000000E-17
 3.9072637500000E+07 2.8162500000000E+01
A__39           1.10000000E-01 1.10000000E-17 1.10000000E-17 1.10000000E-17
 3.9072637500000E+07 2.8162500000000E+01
A__40           1.10000000E-01 1.10000000E-17 1.10000000E-17 1.10000000E-17
 3.9072637500000E+07 2.8162500000000E+01
A__41           1.10000000E-01 1.10000000E-17 1.10000000E-17 1.10000000E-17
 3.9072637500000E+07 2.8162500000000E+01
A__42           1.10000000E-01 1.10000000E-17 1.10000000E-17 1.10000000E-17
 3.9072637500000E+07 2.8162500000000E+01
A__43           1.10000000E-01 1.10000000E-17 1.10000000E-17 1.10000000E-17
 3.9072637500000E+07 2.8162500000000E+01
A__44           1.10000000E-01 1.10000000E-17 1.10000000E-17 1.10000000E-17
 3.9072637500000E+07 2.8162500000000E+01
B___0           2.00000000E-01 1.10000000E-17 1.10000000E-17 1.10000000E-17
 3.9554797500000E+07 2.9842500000000E+01
B___1           2.00000000E-01 1.10000000E-17 1.10000000E-17 1.10000000E-17
 3.9554797500000E+07 2.9842500000000E+01
B___2           2.00000000E-01 1.10000000E-17 1.10000000E-17 1.10000000E-17
 3.9554797500000E+07 2.9842500000000E+01
B___3           2.00000000E-01 1.10000000E-17 1.10000000E-17 1.10000000E-17
 3.9554797500000E+07 2.9842500000000E+01
B___4           2.00000000E-01 1.10000000E-17 1.10000000E-17 1.10000000E-17
 3.9554797500000E+07 2.9842500000000E+01
B___5           2.00000000E-01 1.10000000E-17 1.10000000E-17 1.10000000E-17
 3.9554797500000E+07 2.9842500000000E+01
B___6           2.00000000E-01 1.10000000E-17 1.10000000E-17 1.10000000E-17
 3.9554797500000E+07 2.9842500000000E+01
B___7           2.00000000E-01 1.10000000E-17 1.10000000E-17 1.10000000E-17
 3.9554797500000E+07 2.9842500000000E+01
B___8           2.00000000E-01 1.10000000E-17 1.10000000E-17 1.10000000E-17
 3.9554797500000E+07 2.9842500000000E+01
B___9           2.00000000E-01 1.10000000E-13 1.10000000E-13 1.10000000E-15
 3.9504572500000E+07 2.9667500000000E+01
B__10           2.00000000E-01 1.10000000E-13 1.10000000E-13 1.10000000E-15
 3.9504572500000E+07 2.9667500000000E+01
B__11           2.42092166-322 2.00000000E-01 2.00000000E-01 6.37344683-322
 3.9504572500000E+07 2.9667500000000E+01
B__12           2.00000000E-01 1.10000000E-13 1.10000000E-13 1.10000000E-15
 3.9504572500000E+07 2.9667500000000E+01
B__13           2.00000000E-01 1.10000000E-13 1.10000000E-13 1.10000000E-15
 3.9504572500000E+07 2.9667500000000E+01
B__14           2.00000000E-01 1.10000000E-13 1.10000000E-13 1.10000000E-15
 3.9504572500000E+07 2.9667500000000E+01
B__15           2.00000000E-01 1.10000000E-13 1.10000000E-13 1.10000000E-15
 3.9504572500000E+07 2.9667500000000E+01
B__16           2.00000000E-01 1.10000000E-13 1.10000000E-13 1.10000000E-15
 3.9504572500000E+07 2.9667500000000E+01
B__17           2.00000000E-01 1.10000000E-13 1.10000000E-13 1.10000000E-15
 3.9504572500000E+07 2.9667500000000E+01
B__18           1.30000000E-01 1.10000000E-12 1.10000000E-12 1.10000000E-12
 3.9348875000000E+07 2.9125000000000E+01
B__19           1.30000000E-01 1.10000000E-12 1.10000000E-12 1.10000000E-12
 3.9348875000000E+07 2.9125000000000E+01
B__20           2.42092166-322 2.00000000E-01 2.00000000E-01 6.37344683-322
 3.9348875000000E+07 2.9125000000000E+01
B__21           1.30000000E-01 1.10000000E-12 1.10000000E-12 1.10000000E-12
 3.9348875000000E+07 2.9125000000000E+01
B__22           1.30000000E-01 1.10000000E-12 1.10000000E-12 1.10000000E-12
 3.9348875000000E+07 2.9125000000000E+01
B__23           1.30000000E-01 1.10000000E-12 1.10000000E-12 1.10000000E-12
 3.9348875000000E+07 2.9125000000000E+01
B__24           1.30000000E-01 1.10000000E-12 1.10000000E-12 1.10000000E-12
 3.9348875000000E+07 2.9125000000000E+01
B__25           1.30000000E-01 1.10000000E-12 1.10000000E-12 1.10000000E-12
 3.9348875000000E+07 2.9125000000000E+01
B__26           1.30000000E-01 1.10000000E-12 1.10000000E-12 1.10000000E-12
 3.9348875000000E+07 2.9125000000000E+01
B__27           1.20000000E-01 1.10000000E-12 1.10000000E-12 1.10000000E-12
 3.9147975000000E+07 2.8425000000000E+01
B__28           1.20000000E-01 1.10000000E-12 1.10000000E-12 1.10000000E-12
 3.9147975000000E+07 2.8425000000000E+01
B__29           2.42092166-322 2.00000000E-01 2.00000000E-01 6.37344683-322
 3.9147975000000E+07 2.8425000000000E+01
B__30           1.20000000E-01 1.10000000E-12 1.10000000E-12 1.10000000E-12
 3.9147975000000E+07 2.8425000000000E+01
B__31           1.20000000E-01 1.10000000E-12 1.10000000E-12 1.10000000E-12
 3.9147975000000E+07 2.8425000000000E+01
B__32           1.20000000E-01 1.10000000E-12 1.10000000E-12 1.10000000E-12
 3.9147975000000E+07 2.8425000000000E+01
B__33           1.20000000E-01 1.10000000E-12 1.10000000E-12 1.10000000E-12
 3.9147975000000E+07 2.8425000000000E+01
B__34           1.20000000E-01 1.10000000E-12 1.10000000E-12 1.10000000E-12
 3.9147975000000E+07 2.8425000000000E+01
B__35           1.20000000E-01 1.10000000E-12 1.10000000E-12 1.10000000E-12
 3.9147975000000E+07 2.8425000000000E+01
B__36           1.10000000E-01 1.10000000E-17 1.10000000E-17 1.10000000E-17
 3.9072637500000E+07 2.8162500000000E+01
B__37           1.10000000E-01 1.10000000E-17 1.10000000E-17 1.10000000E-17
 3.9072637500000E+07 2.8162500000000E+01
B__38           2.42092166-322 2.00000000E-01 2.00000000E-01 6.37344683-322
 3.9072637500000E+07 2.8162500000000E+01
B__39           1.10000000E-01 1.10000000E-17 1.10000000E-17 1.10000000E-17
 3.9072637500000E+07 2.8162500000000E+01
B__40           1.10000000E-01 1.10000000E-17 1.10000000E-17 1.10000000E-17
 3.9072637500000E+07 2.8162500000000E+01
B__41           1.10000000E-01 1.10000000E-17 1.10000000E-17 1.10000000E-17
 3.9072637500000E+07 2.8162500000000E+01
B__42           1.10000000E-01 1.10000000E-17 1.10000000E-17 1.10000000E-17
 3.9072637500000E+07 2.8162500000000E+01
B__43           1.10000000E-01 1.10000000E-17 1.10000000E-17 1.10000000E-17
 3.9072637500000E+07 2.8162500000000E+01
B__44           1.10000000E-01 1.10000000E-17 1.10000000E-17 1.10000000E-17
 3.9072637500000E+07 2.8162500000000E+01
C___0           2.00000000E-01 1.10000000E-17 1.10000000E-17 1.10000000E-17
 3.9554797500000E+07 2.9842500000000E+01
C___1           2.00000000E-01 1.10000000E-17 1.10000000E-17 1.10000000E-17
 3.9554797500000E+07 2.9842500000000E+01
C___2           2.00000000E-01 1.10000000E-17 1.10000000E-17 1.10000000E-17
 3.9554797500000E+07 2.9842500000000E+01
C___3           2.00000000E-01 1.10000000E-17 1.10000000E-17 1.10000000E-17
 3.9554797500000E+07 2.9842500000000E+01
C___4           2.00000000E-01 1.10000000E-17 1.10000000E-17 1.10000000E-17
 3.9554797500000E+07 2.9842500000000E+01
C___5           2.00000000E-01 1.10000000E-17 1.10000000E-17 1.10000000E-17
 3.9554797500000E+07 2.9842500000000E+01
C___6           2.00000000E-01 1.10000000E-17 1.10000000E-17 1.10000000E-17
 3.9554797500000E+07 2.9842500000000E+01
C___7           2.00000000E-01 1.10000000E-17 1.10000000E-17 1.10000000E-17
 3.9554797500000E+07 2.9842500000000E+01
C___8           2.00000000E-01 1.10000000E-17 1.10000000E-17 1.10000000E-17
 3.9554797500000E+07 2.9842500000000E+01
C___9           2.00000000E-01 1.10000000E-13 1.10000000E-13 1.10000000E-15
 3.9504572500000E+07 2.9667500000000E+01
C__10           2.00000000E-01 1.10000000E-13 1.10000000E-13 1.10000000E-15
 3.9504572500000E+07 2.9667500000000E+01
C__11           2.42092166-322 2.00000000E-01 2.00000000E-01 6.37344683-322
 3.9504572500000E+07 2.9667500000000E+01
C__12           2.00000000E-01 1.10000000E-13 1.10000000E-13 1.10000000E-15
 3.9504572500000E+07 2.9667500000000E+01
C__13           2.00000000E-01 1.10000000E-13 1.10000000E-13 1.10000000E-15
 3.9504572500000E+07 2.9667500000000E+01
C__14           2.00000000E-01 1.10000000E-13 1.10000000E-13 1.10000000E-15
 3.9504572500000E+07 2.9667500000000E+01
C__15           2.00000000E-01 1.10000000E-13 1.10000000E-13 1.10000000E-15
 3.9504572500000E+07 2.9667500000000E+01
C__16           2.00000000E-01 1.10000000E-13 1.10000000E-13 1.10000000E-15
 3.9504572500000E+07 2.9667500000000E+01
C__17           2.00000000E-01 1.10000000E-13 1.10000000E-13 1.10000000E-15
 3.9504572500000E+07 2.9667500000000E+01
C__18           1.30000000E-01 1.10000000E-12 1.10000000E-12 1.10000000E-12
 3.9348875000000E+07 2.9125000000000E+01
C__19           1.30000000E-01 1.10000000E-12 1.10000000E-12 1.10000000E-12
 3.9348875000000E+07 2.9125000000000E+01
C__20           2.42092166-322 2.00000000E-01 2.00000000E-01 6.37344683-322
 3.9348875000000E+07 2.9125000000000E+01
C__21           1.30000000E-01 1.10000000E-12 1.10000000E-12 1.10000000E-12
 3.9348875000000E+07 2.9125000000000E+01
C__22           1.30000000E-01 1.10000000E-12 1.10000000E-12 1.10000000E-12
 3.9348875000000E+07 2.9125000000000E+01
C__23           1.30000000E-01 1.10000000E-12 1.10000000E-12 1.10000000E-12
 3.9348875000000E+07 2.9125000000000E+01
C__24           1.30000000E-01 1.10000000E-12 1.10000000E-12 1.10000000E-12
 3.9348875000000E+07 2.9125000000000E+01
C__25           1.30000000E-01 1.10000000E-12 1.10000000E-12 1.10000000E-12
 3.9348875000000E+07 2.9125000000000E+01
C__26           1.30000000E-01 1.10000000E-12 1.10000000E-12 1.10000000E-12
 3.9348875000000E+07 2.9125000000000E+01
C__27           1.20000000E-01 1.10000000E-12 1.10000000E-12 1.10000000E-12
 3.9147975000000E+07 2.8425000000000E+01
C__28           1.20000000E-01 1.10000000E-12 1.10000000E-12 1.10000000E-12
 3.9147975000000E+07 2.8425000000000E+01
C__29           2.42092166-322 2.00000000E-01 2.00000000E-01 6.37344683-322
 3.9147975000000E+07 2.8425000000000E+01
C__30           1.20000000E-01 1.10000000E-12 1.10000000E-12 1.10000000E-12
 3.9147975000000E+07 2.8425000000000E+01
C__31           1.20000000E-01 1.10000000E-12 1.10000000E-12 1.10000000E-12
 3.9147975000000E+07 2.8425000000000E+01
C__32           1.20000000E-01 1.10000000E-12 1.10000000E-12 1.10000000E-12
 3.9147975000000E+07 2.8425000000000E+01
C__33           1.20000000E-01 1.10000000E-12 1.10000000E-12 1.10000000E-12
 3.9147975000000E+07 2.8425000000000E+01
C__34           1.20000000E-01 1.10000000E-12 1.10000000E-12 1.10000000E-12
 3.9147975000000E+07 2.8425000000000E+01
C__35           1.20000000E-01 1.10000000E-12 1.10000000E-12 1.10000000E-12
 3.9147975000000E+07 2.8425000000000E+01
C__36           1.10000000E-01 1.10000000E-17 1.10000000E-17 1.10000000E-17
 3.9072637500000E+07 2.8162500000000E+01
C__37           1.10000000E-01 1.10000000E-17 1.10000000E-17 1.10000000E-17
 3.9072637500000E+07 2.8162500000000E+01
C__38           2.42092166-322 2.00000000E-01 2.00000000E-01 6.37344683-322
 3.9072637500000E+07 2.8162500000000E+01
C__39           1.10000000E-01 1.10000000E-17 1.10000000E-17 1.10000000E-17
 3.9072637500000E+07 2.8162500000000E+01
C__40           1.10000000E-01 1.10000000E-17 1.10000000E-17 1.10000000E-17
 3.9072637500000E+07 2.8162500000000E+01
C__41           1.10000000E-01 1.10000000E-17 1.10000000E-17 1.10000000E-17
 3.9072637500000E+07 2.8162500000000E+01
C__42           1.10000000E-01 1.10000000E-17 1.10000000E-17 1.10000000E-17
 3.9072637500000E+07 2.8162500000000E+01
C__43           1.10000000E-01 1.10000000E-17 1.10000000E-17 1.10000000E-17
 3.9072637500000E+07 2.8162500000000E+01
C__44           1.10000000E-01 1.10000000E-17 1.10000000E-17 1.10000000E-17
 3.9072637500000E+07 2.8162500000000E+01
D___0           2.00000000E-01 1.10000000E-17 1.10000000E-17 1.10000000E-17
 3.9554797500000E+07 2.9842500000000E+01
D___1           2.00000000E-01 1.10000000E-17 1.10000000E-17 1.10000000E-17
 3.9554797500000E+07 2.9842500000000E+01
D___2           2.00000000E-01 1.10000000E-17 1.10000000E-17 1.10000000E-17
 3.9554797500000E+07 2.9842500000000E+01
D___3           2.00000000E-01 1.10000000E-17 1.10000000E-17 1.10000000E-17
 3.9554797500000E+07 2.9842500000000E+01
D___4           2.00000000E-01 1.10000000E-17 1.10000000E-17 1.10000000E-17
 3.9554797500000E+07 2.9842500000000E+01
D___5           2.00000000E-01 1.10000000E-17 1.10000000E-17 1.10000000E-17
 3.9554797500000E+07 2.9842500000000E+01
D___6           2.00000000E-01 1.10000000E-17 1.10000000E-17 1.10000000E-17
 3.9554797500000E+07 2.9842500000000E+01
D___7           2.00000000E-01 1.10000000E-17 1.10000000E-17 1.10000000E-17
 3.9554797500000E+07 2.9842500000000E+01
D___8           2.00000000E-01 1.10000000E-17 1.10000000E-17 1.10000000E-17
 3.9554797500000E+07 2.9842500000000E+01
D___9           2.00000000E-01 1.10000000E-13 1.10000000E-13 1.10000000E-15
 3.9504572500000E+07 2.9667500000000E+01
D__10           2.00000000E-01 1.10000000E-13 1.10000000E-13 1.10000000E-15
 3.9504572500000E+07 2.9667500000000E+01
D__11           2.42092166-322 2.00000000E-01 2.00000000E-01 6.37344683-322
 3.9504572500000E+07 2.9667500000000E+01
D__12           2.00000000E-01 1.10000000E-13 1.10000000E-13 1.10000000E-15
 3.9504572500000E+07 2.9667500000000E+01
D__13           2.00000000E-01 1.10000000E-13 1.10000000E-13 1.10000000E-15
 3.9504572500000E+07 2.9667500000000E+01
D__14           2.00000000E-01 1.10000000E-13 1.10000000E-13 1.10000000E-15
 3.9504572500000E+07 2.9667500000000E+01
D__15           2.00000000E-01 1.10000000E-13 1.10000000E-13 1.10000000E-15
 3.9504572500000E+07 2.9667500000000E+01
D__16           2.00000000E-01 1.10000000E-13 1.10000000E-13 1.10000000E-15
 3.9504572500000E+07 2.9667500000000E+01
D__17           2.00000000E-01 1.10000000E-13 1.10000000E-13 1.10000000E-15
 3.9504572500000E+07 2.9667500000000E+01
D__18           1.30000000E-01 1.10000000E-12 1.10000000E-12 1.10000000E-12
 3.9348875000000E+07 2.9125000000000E+01
D__19           1.30000000E-01 1.10000000E-12 1.10000000E-12 1.10000000E-12
 3.9348875000000E+07 2.9125000000000E+01
D__20           2.42092166-322 2.00000000E-01 2.00000000E-01 6.37344683-322
 3.9348875000000E+07 2.9125000000000E+01
D__21           1.30000000E-01 1.10000000E-12 1.10000000E-12 1.10000000E-12
 3.9348875000000E+07 2.9125000000000E+01
D__22           1.30000000E-01 1.10000000E-12 1.10000000E-12 1.10000000E-12
 3.9348875000000E+07 2.9125000000000E+01
D__23           1.30000000E-01 1.10000000E-12 1.10000000E-12 1.10000000E-12
 3.9348875000000E+07 2.9125000000000E+01
D__24           1.30000000E-01 1.10000000E-12 1.10000000E-12 1.10000000E-12
 3.9348875000000E+07 2.9125000000000E+01
D__25           1.30000000E-01 1.10000000E-12 1.10000000E-12 1.10000000E-12
 3.9348875000000E+07 2.9125000000000E+01
D__26           1.30000000E-01 1.10000000E-12 1.10000000E-12 1.10000000E-12
 3.9348875000000E+07 2.9125000000000E+01
D__27           1.20000000E-01 1.10000000E-12 1.10000000E-12 1.10000000E-12
 3.9147975000000E+07 2.8425000000000E+01
D__28           1.20000000E-01 1.10000000E-12 1.10000000E-12 1.10000000E-12
 3.9147975000000E+07 2.8425000000000E+01
D__29           2.42092166-322 2.00000000E-01 2.00000000E-01 6.37344683-322
 3.9147975000000E+07 2.8425000000000E+01
D__30           1.20000000E-01 1.10000000E-12 1.10000000E-12 1.10000000E-12
 3.9147975000000E+07 2.8425000000000E+01
D__31           1.20000000E-01 1.10000000E-12 1.10000000E-12 1.10000000E-12
 3.9147975000000E+07 2.8425000000000E+01
D__32           1.20000000E-01 1.10000000E-12 1.10000000E-12 1.10000000E-12
 3.9147975000000E+07 2.8425000000000E+01
D__33           1.20000000E-01 1.10000000E-12 1.10000000E-12 1.10000000E-12
 3.9147975000000E+07 2.8425000000000E+01
D__34           1.20000000E-01 1.10000000E-12 1.10000000E-12 1.10000000E-12
 3.9147975000000E+07 2.8425000000000E+01
D__35           1.20000000E-01 1.10000000E-12 1.10000000E-12 1.10000000E-12
 3.9147975000000E+07 2.8425000000000E+01
D__36           1.10000000E-01 1.10000000E-17 1.10000000E-17 1.10000000E-17
 3.9072637500000E+07 2.8162500000000E+01
D__37           1.10000000E-01 1.10000000E-17 1.10000000E-17 1.10000000E-17
 3.9072637500000E+07 2.8162500000000E+01
D__38           2.42092166-322 2.00000000E-01 2.00000000E-01 6.37344683-322
 3.9072637500000E+07 2.8162500000000E+01
D__39           1.10000000E-01 1.10000000E-17 1.10000000E-17 1.10000000E-17
 3.9072637500000E+07 2.8162500000000E+01
D__40           1.10000000E-01 1.10000000E-17 1.10000000E-17 1.10000000E-17
 3.9072637500000E+07 2.8162500000000E+01
D__41           1.10000000E-01 1.10000000E-17 1.10000000E-17 1.10000000E-17
 3.9072637500000E+07 2.8162500000000E+01
D__42           1.10000000E-01 1.10000000E-17 1.10000000E-17 1.10000000E-17
 3.9072637500000E+07 2.8162500000000E+01
D__43           1.10000000E-01 1.10000000E-17 1.10000000E-17 1.10000000E-17
 3.9072637500000E+07 2.8162500000000E+01
D__44           1.10000000E-01 1.10000000E-17 1.10000000E-17 1.10000000E-17
 3.9072637500000E+07 2.8162500000000E+01
E___0           2.00000000E-01 1.10000000E-17 1.10000000E-17 1.10000000E-17
 3.9554797500000E+07 2.9842500000000E+01
E___1           2.00000000E-01 1.10000000E-17 1.10000000E-17 1.10000000E-17
 3.9554797500000E+07 2.9842500000000E+01
E___2           2.00000000E-01 1.10000000E-17 1.10000000E-17 1.10000000E-17
 3.9554797500000E+07 2.9842500000000E+01
E___3           2.00000000E-01 1.10000000E-17 1.10000000E-17 1.10000000E-17
 3.9554797500000E+07 2.9842500000000E+01
E___4           2.00000000E-01 1.10000000E-17 1.10000000E-17 1.10000000E-17
 3.9554797500000E+07 2.9842500000000E+01
E___5           2.00000000E-01 1.10000000E-17 1.10000000E-17 1.10000000E-17
 3.9554797500000E+07 2.9842500000000E+01
E___6           2.00000000E-01 1.10000000E-17 1.10000000E-17 1.10000000E-17
 3.9554797500000E+07 2.9842500000000E+01
E___7           2.00000000E-01 1.10000000E-17 1.10000000E-17 1.10000000E-17
 3.9554797500000E+07 2.9842500000000E+01
E___8           2.00000000E-01 1.10000000E-17 1.10000000E-17 1.10000000E-17
 3.9554797500000E+07 2.9842500000000E+01
E___9           2.00000000E-01 1.10000000E-13 1.10000000E-13 1.10000000E-15
 3.9504572500000E+07 2.9667500000000E+01
E__10           2.00000000E-01 1.10000000E-13 1.10000000E-13 1.10000000E-15
 3.9504572500000E+07 2.9667500000000E+01
E__11           2.00000000E-01 1.10000000E-13 1.10000000E-13 1.10000000E-15
 3.9504572500000E+07 2.9667500000000E+01
E__12           2.00000000E-01 1.10000000E-13 1.10000000E-13 1.10000000E-15
 3.9504572500000E+07 2.9667500000000E+01
E__13           2.00000000E-01 1.10000000E-13 1.10000000E-13 1.10000000E-15
 3.9504572500000E+07 2.9667500000000E+01
E__14           2.00000000E-01 1.10000000E-13 1.10000000E-13 1.10000000E-15
 3.9504572500000E+07 2.9667500000000E+01
E__15           2.00000000E-01 1.10000000E-13 1.10000000E-13 1.10000000E-15
 3.9504572500000E+07 2.9667500000000E+01
E__16           2.00000000E-01 1.10000000E-13 1.10000000E-13 1.10000000E-15
 3.9504572500000E+07 2.9667500000000E+01
E__17           2.00000000E-01 1.10000000E-13 1.10000000E-13 1.10000000E-15
 3.9504572500000E+07 2.9667500000000E+01
E__18           1.30000000E-01 1.10000000E-12 1.10000000E-12 1.10000000E-12
 3.9348875000000E+07 2.9125000000000E+01
E__19           1.30000000E-01 1.10000000E-12 1.10000000E-12 1.10000000E-12
 3.9348875000000E+07 2.9125000000000E+01
E__20           1.30000000E-01 1.10000000E-12 1.10000000E-12 1.10000000E-12
 3.9348875000000E+07 2.9125000000000E+01
E__21           1.30000000E-01 1.10000000E-12 1.10000000E-12 1.10000000E-12
 3.9348875000000E+07 2.9125000000000E+01
E__22           1.30000000E-01 1.10000000E-12 1.10000000E-12 1.10000000E-12
 3.9348875000000E+07 2.9125000000000E+01
E__23           1.30000000E-01 1.10000000E-12 1.10000000E-12 1.10000000E-12
 3.9348875000000E+07 2.9125000000000E+01
E__24           1.30000000E-01 1.10000000E-12 1.10000000E-12 1.10000000E-12
 3.9348875000000E+07 2.9125000000000E+01
E__25           1.30000000E-01 1.10000000E-12 1.10000000E-12 1.10000000E-12
 3.9348875000000E+07 2.9125000000000E+01
E__26           1.30000000E-01 1.10000000E-12 1.10000000E-12 1.10000000E-12
 3.9348875000000E+07 2.9125000000000E+01
E__27           1.20000000E-01 1.10000000E-12 1.10000000E-12 1.10000000E-12
 3.9147975000000E+07 2.8425000000000E+01
E__28           1.20000000E-01 1.10000000E-12 1.10000000E-12 1.10000000E-12
 3.9147975000000E+07 2.8425000000000E+01
E__29           1.20000000E-01 1.10000000E-12 1.10000000E-12 1.10000000E-12
 3.9147975000000E+07 2.8425000000000E+01
E__30           1.20000000E-01 1.10000000E-12 1.10000000E-12 1.10000000E-12
 3.9147975000000E+07 2.8425000000000E+01
E__31           1.20000000E-01 1.10000000E-12 1.10000000E-12 1.10000000E-12
 3.9147975000000E+07 2.8425000000000E+01
E__32           1.20000000E-01 1.10000000E-12 1.10000000E-12 1.10000000E-12
 3.9147975000000E+07 2.8425000000000E+01
E__33           1.20000000E-01 1.10000000E-12 1.10000000E-12 1.10000000E-12
 3.9147975000000E+07 2.8425000000000E+01
E__34           1.20000000E-01 1.10000000E-12 1.10000000E-12 1.10000000E-12
 3.9147975000000E+07 2.8425000000000E+01
E__35           1.20000000E-01 1.10000000E-12 1.10000000E-12 1.10000000E-12
 3.9147975000000E+07 2.8425000000000E+01
E__36           1.10000000E-01 1.10000000E-17 1.10000000E-17 1.10000000E-17
 3.9072637500000E+07 2.8162500000000E+01
E__37           1.10000000E-01 1.10000000E-17 1.10000000E-17 1.10000000E-17
 3.9072637500000E+07 2.8162500000000E+01
E__38           1.10000000E-01 1.10000000E-17 1.10000000E-17 1.10000000E-17
 3.9072637500000E+07 2.8162500000000E+01
E__39           1.10000000E-01 1.10000000E-17 1.10000000E-17 1.10000000E-17
 3.9072637500000E+07 2.8162500000000E+01
E__40           1.10000000E-01 1.10000000E-17 1.10000000E-17 1.10000000E-17
 3.9072637500000E+07 2.8162500000000E+01
E__41           1.10000000E-01 1.10000000E-17 1.10000000E-17 1.10000000E-17
 3.9072637500000E+07 2.8162500000000E+01
E__42           1.10000000E-01 1.10000000E-17 1.10000000E-17 1.10000000E-17
 3.9072637500000E+07 2.8162500000000E+01
E__43           1.10000000E-01 1.10000000E-17 1.10000000E-17 1.10000000E-17
 3.9072637500000E+07 2.8162500000000E+01
E__44           1.10000000E-01 1.10000000E-17 1.10000000E-17 1.10000000E-17
 3.9072637500000E+07 2.8162500000000E+01


